Variables=i,j,X
  0.00000000000000   13.000000000000   4.6077924451953e-005 
  1.0000000000000   13.000000000000  -6.2774385622042e+066 
  2.0000000000000   13.000000000000  -6.2774385622042e+066 
  3.0000000000000   13.000000000000  -6.2774385622042e+066 
  4.0000000000000   13.000000000000  -6.2774385622042e+066 
  5.0000000000000   13.000000000000  -6.2774385622042e+066 
  6.0000000000000   13.000000000000  -6.2774385622042e+066 
  7.0000000000000   13.000000000000  -6.2774385622042e+066 
  8.0000000000000   13.000000000000  -6.2774385622042e+066 
  9.0000000000000   13.000000000000  -6.2774385622042e+066 
  10.000000000000   13.000000000000  -6.2774385622042e+066 
RHS
  0.00000000000000   0.98719016835715 
  1.0000000000000  -6.2774385622042e+066 
  2.0000000000000  -6.2774385622042e+066 
  3.0000000000000   4.6077924451953e-005 
  4.0000000000000  -6.2774385622042e+066 
  5.0000000000000  -6.2774385622042e+066 
  6.0000000000000  -6.2774385622042e+066 
  7.0000000000000  -6.2774385622042e+066 
  8.0000000000000  -6.2774385622042e+066 
  9.0000000000000  -6.2774385622042e+066 
  10.000000000000  -6.2774385622042e+066 
