Variables=i,j,X
  0.00000000000000   0.00000000000000   5.3878210265393e-008 
  0.00000000000000   1.0000000000000   2.6936203860434e-008 
  0.00000000000000   13.000000000000  -21500.000000000 
  1.0000000000000   0.00000000000000   2.6936203860434e-008 
  1.0000000000000   1.0000000000000   1.0775642053079e-007 
  1.0000000000000   2.0000000000000   2.6936203860434e-008 
  1.0000000000000   13.000000000000  -21500.000000000 
  2.0000000000000   1.0000000000000   2.6936203860434e-008 
  2.0000000000000   2.0000000000000   1.0775642053079e-007 
  2.0000000000000   3.0000000000000   2.6936203860434e-008 
  2.0000000000000   13.000000000000  -21500.000000000 
  3.0000000000000   2.0000000000000   2.6936203860434e-008 
  3.0000000000000   3.0000000000000   1.0775642053079e-007 
  3.0000000000000   4.0000000000000   2.6936203860434e-008 
  3.0000000000000   13.000000000000  -21500.000000000 
  4.0000000000000   3.0000000000000   2.6936203860434e-008 
  4.0000000000000   4.0000000000000   1.0770911362143e-007 
  4.0000000000000   5.0000000000000   2.6888979632360e-008 
  4.0000000000000   13.000000000000  -21500.000000000 
  5.0000000000000   4.0000000000000   2.6888979632360e-008 
  5.0000000000000   5.0000000000000   1.0756758018860e-007 
  5.0000000000000   6.0000000000000   2.6983873126160e-008 
  5.0000000000000   13.000000000000  -21600.000000000 
  6.0000000000000   5.0000000000000   2.6983873126160e-008 
  6.0000000000000   6.0000000000000   1.0785421346965e-007 
  6.0000000000000   7.0000000000000   2.6612124113995e-008 
  6.0000000000000   13.000000000000  -21300.000000000 
  7.0000000000000   6.0000000000000   2.6612124113995e-008 
  7.0000000000000   7.0000000000000   1.0686324582835e-007 
  7.0000000000000   8.0000000000000   2.8123664761567e-008 
  7.0000000000000   13.000000000000  -22400.000000000 
  8.0000000000000   7.0000000000000   2.8123664761567e-008 
  8.0000000000000   8.0000000000000   1.1018349572246e-007 
  8.0000000000000   9.0000000000000   2.2369972833774e-008 
  8.0000000000000   13.000000000000  -18300.000000000 
  9.0000000000000   8.0000000000000   2.2369972833774e-008 
  9.0000000000000   9.0000000000000   8.3510944241972e-008 
  9.0000000000000   10.000000000000   5.2712555578992e-008 
  9.0000000000000   13.000000000000  -35900.000000000 
  10.000000000000   9.0000000000000   5.2712555578992e-008 
  10.000000000000   10.000000000000   1.6521319517471e-007 
RHS
  0.00000000000000  -0.0017375061088412 
  1.0000000000000  -0.0034750198074106 
  2.0000000000000  -0.0034750198074106 
  3.0000000000000  -0.0034750198074106 
  4.0000000000000  -0.0034756765048405 
  5.0000000000000  -0.0034763284615991 
  6.0000000000000  -0.0034762608080636 
  7.0000000000000  -0.0034752259652595 
  8.0000000000000  -0.0034494411387340 
  9.0000000000000  -0.0034061056471627 
  10.000000000000  -0.0018936710823258 
