Variables=i,j,X
  0.00000000000000   0.00000000000000   5.3878067381991e-008 
  0.00000000000000   1.0000000000000   2.6936061060178e-008 
  0.00000000000000   13.000000000000  -21500.000000000 
  1.0000000000000   0.00000000000000   2.6936061060178e-008 
  1.0000000000000   1.0000000000000   1.0775613499198e-007 
  1.0000000000000   2.0000000000000   2.6936632333987e-008 
  1.0000000000000   13.000000000000  -21500.301682823 
  2.0000000000000   1.0000000000000   2.6936632333987e-008 
  2.0000000000000   2.0000000000000   1.0775756273891e-007 
  2.0000000000000   3.0000000000000   2.6934632646524e-008 
  2.0000000000000   13.000000000000  -21498.793149089 
  3.0000000000000   2.0000000000000   2.6934632646524e-008 
  3.0000000000000   3.0000000000000   1.0775213552868e-007 
  3.0000000000000   4.0000000000000   2.6942062072386e-008 
  3.0000000000000   13.000000000000  -21504.526593344 
  4.0000000000000   3.0000000000000   2.6942062072386e-008 
  4.0000000000000   4.0000000000000   1.0777240393611e-007 
  4.0000000000000   5.0000000000000   2.6914354808104e-008 
  4.0000000000000   13.000000000000  -21483.102695371 
  5.0000000000000   4.0000000000000   2.6914354808104e-008 
  5.0000000000000   5.0000000000000   1.0769653613866e-007 
  5.0000000000000   6.0000000000000   2.7017965293036e-008 
  5.0000000000000   13.000000000000  -21563.130739686 
  6.0000000000000   5.0000000000000   2.7017965293036e-008 
  6.0000000000000   6.0000000000000   1.0797682191388e-007 
  6.0000000000000   7.0000000000000   2.6633939954209e-008 
  6.0000000000000   13.000000000000  -21265.184370317 
  7.0000000000000   6.0000000000000   2.6633939954209e-008 
  7.0000000000000   7.0000000000000   1.0689036642824e-007 
  7.0000000000000   8.0000000000000   2.8104941923218e-008 
  7.0000000000000   13.000000000000  -22387.934814103 
  8.0000000000000   7.0000000000000   2.8104941923218e-008 
  8.0000000000000   8.0000000000000   1.1004750182621e-007 
  8.0000000000000   9.0000000000000   2.2352229931118e-008 
  8.0000000000000   13.000000000000  -18345.451004298 
  9.0000000000000   8.0000000000000   2.2352229931118e-008 
  9.0000000000000   9.0000000000000   8.3505148342887e-008 
  9.0000000000000   10.000000000000   5.2708899314340e-008 
  9.0000000000000   13.000000000000  -35914.537102408 
  10.000000000000   9.0000000000000   5.2708899314340e-008 
  10.000000000000   10.000000000000   1.6519934495959e-007 
RHS
  0.00000000000000  -0.0017374999667236 
  1.0000000000000  -0.0034750198099778 
  2.0000000000000  -0.0034750197971029 
  3.0000000000000  -0.0034750198461067 
  4.0000000000000  -0.0034750196633055 
  5.0000000000000  -0.0034750203505948 
  6.0000000000000  -0.0034750178556126 
  7.0000000000000  -0.0034750280539563 
  8.0000000000000  -0.0034508527139248 
  9.0000000000000  -0.0034091103622948 
  10.000000000000  -0.0046850940319190 
