Variables=i,j,X
  0.00000000000000   0.00000000000000   5.3878067382210e-008 
  0.00000000000000   13.000000000000  -21500.000000000 
  1.0000000000000   1.0000000000000   1.0775613499242e-007 
  1.0000000000000   2.0000000000000   2.6936632333328e-008 
  1.0000000000000   13.000000000000  -21500.301682359 
  2.0000000000000   1.0000000000000   2.6936632333328e-008 
  2.0000000000000   2.0000000000000   1.0775756273715e-007 
  2.0000000000000   3.0000000000000   2.6934632648934e-008 
  2.0000000000000   13.000000000000  -21498.793150943 
  3.0000000000000   2.0000000000000   2.6934632648934e-008 
  3.0000000000000   3.0000000000000   1.0775213553520e-007 
  3.0000000000000   4.0000000000000   2.6942062063341e-008 
  3.0000000000000   13.000000000000  -21504.526586398 
  4.0000000000000   3.0000000000000   2.6942062063341e-008 
  4.0000000000000   4.0000000000000   1.0777240391069e-007 
  4.0000000000000   5.0000000000000   2.6914354840975e-008 
  4.0000000000000   13.000000000000  -21483.102721408 
  5.0000000000000   4.0000000000000   2.6914354840975e-008 
  5.0000000000000   5.0000000000000   1.0769653621800e-007 
  5.0000000000000   6.0000000000000   2.7017965157415e-008 
  5.0000000000000   13.000000000000  -21563.130643976 
  6.0000000000000   5.0000000000000   2.7017965157415e-008 
  6.0000000000000   6.0000000000000   1.0797682142370e-007 
  6.0000000000000   7.0000000000000   2.6633940308527e-008 
  6.0000000000000   13.000000000000  -21265.184749144 
  7.0000000000000   6.0000000000000   2.6633940308527e-008 
  7.0000000000000   7.0000000000000   1.0689036231327e-007 
  7.0000000000000   8.0000000000000   2.8104934574842e-008 
  7.0000000000000   13.000000000000  -22387.933649665 
  8.0000000000000   7.0000000000000   2.8104934574842e-008 
  8.0000000000000   8.0000000000000   1.1004746847203e-007 
  8.0000000000000   9.0000000000000   2.2352227393245e-008 
  8.0000000000000   13.000000000000  -18345.465624589 
  9.0000000000000   8.0000000000000   2.2352227393245e-008 
  9.0000000000000   9.0000000000000   8.3505149668266e-008 
  9.0000000000000   13.000000000000  -35914.508912900 
  10.000000000000   10.000000000000   1.6519937181486e-007 
RHS
  0.00000000000000  -0.0011583784487175 
  1.0000000000000  -0.0028958944971792 
  2.0000000000000  -0.0034750197971027 
  3.0000000000000  -0.0034750198461042 
  4.0000000000000  -0.0034750196632713 
  5.0000000000000  -0.0034750203500916 
  6.0000000000000  -0.0034750178497755 
  7.0000000000000  -0.0034750278151160 
  8.0000000000000  -0.0034508517842530 
  9.0000000000000  -0.0034091104884828 
  10.000000000000   0.00000000000000 
